3 0.36296781883194273 0.33281879194630876 0.20648390941597142 0.017930648769574946
3 0.36153754469606675 0.35398210290827736 0.1995709177592372 0.013736017897091722
3 0.36133492252681765 0.37324384787472037 0.2072943980929678 0.018691275167785237
3 0.363373063170441 0.39422818791946307 0.20891537544696068 0.019451901565995525
3 0.36539928486293205 0.41253914988814316 0.21297973778307508 0.02098434004474273
3 0.36458879618593565 0.43218120805369126 0.21135876042908225 0.016778523489932886
3 0.3662097735399285 0.4518232662192394 0.20810488676996425 0.017170022371364654
3 0.3637783075089392 0.5960178970917226 0.2032300357568534 0.021744966442953022
3 0.37231227651966625 0.8468120805369127 0.2137902264600715 0.025178970917225953
3 0.36438617401668655 0.6190939597315437 0.2133849821215733 0.03508948545861298
3 0.36418355184743745 0.6421700223713647 0.2170441001191895 0.026319910514541387
3 0.3670321811680572 0.6618120805369128 0.2170441001191895 0.025178970917225953
3 0.3688557806912992 0.6820357941834452 0.21501787842669845 0.017550335570469797
3 0.36519666269368295 0.7051118568232663 0.22314660309892728 0.024026845637583893
3 0.3662097735399285 0.7262751677852348 0.2097258641239571 0.026700223713646533
3 0.3700715137067938 0.7434451901565995 0.20932061978545888 0.02593959731543624
3 0.3658045292014303 0.7642281879194631 0.21542312276519668 0.030894854586129755
3 0.36966626936829555 0.7831096196868009 0.21501787842669845 0.02899328859060403
3 0.36865315852205005 0.8048545861297539 0.20891537544696068 0.01983221476510067
3 0.37170441001191895 0.8224049217002237 0.2207032181168057 0.025178970917225953
3 0.14870083432657927 0.7908389261744966 0.22146603098927295 0.029395973154362418
3 0.14854588796185936 0.8122147651006711 0.22494636471990465 0.029988814317673376
3 0.1493325387365912 0.8328523489932886 0.2227294398092968 0.01841163310961969
3 0.14806912991656734 0.8509619686800894 0.22399284862932062 0.029093959731543627
3 0.14727056019070323 0.8730872483221476 0.22938021454112037 0.031174496644295304
3 0.14790226460071515 0.8926845637583892 0.2338021454112038 0.03652125279642058
3 0.1477473182359952 0.9142058165548098 0.22462455303933254 0.03206935123042506
3 0.14980929678188318 0.9360290827740492 0.22305125148986887 0.031174496644295304
3 0.6105840286054827 0.9260402684563759 0.23166865315852206 0.030503355704697987
3 0.6075566150178784 0.90251677852349 0.23112038140643623 0.031017897091722594
3 0.6126460071513706 0.8858389261744967 0.2363528009535161 0.03024608501118568
3 0.609761620977354 0.8672259507829977 0.22561382598331345 0.03180089485458613
3 0.6050774731823599 0.8422706935123042 0.2360786650774732 0.033612975391498885
3 0.6118235995232421 0.8032326621923938 0.22147794994040523 0.03774049217002237
3 0.6081048867699642 0.7594183445190156 0.22395709177592374 0.033344519015659956
3 0.614719904648391 0.740413870246085 0.2162455303933254 0.029988814317673376
3 0.49833134684147795 0.7295637583892618 0.03250297973778307 0.09461968680089486
3 0.6143027413587604 0.7202460850111857 0.21542312276519668 0.031017897091722594
3 0.6159594755661502 0.7017673378076063 0.22147794994040523 0.037483221476510065
3 0.6101668653158522 0.6796644295302013 0.21542312276519668 0.028959731543624162
3 0.6081048867699642 0.6600111856823265 0.213492252681764 0.027404921700223715
3 0.6082479141835518 0.6399776286353468 0.21542312276519668 0.024038031319910513
3 0.6104529201430273 0.6218791946308725 0.22092967818831943 0.027662192393736018
3 0.6101668653158522 0.6019798657718121 0.2137663885578069 0.021979865771812077
3 0.6104529201430273 0.5859507829977629 0.21927294398092967 0.027147651006711408
3 0.6081048867699642 0.5625503355704699 0.20963051251489867 0.025850111856823267
3 0.6419904648390942 0.5408389261744966 0.14241954707985696 0.028959731543624162
3 0.5962574493444577 0.3536577181208054 0.21569725864123956 0.030503355704697987
3 0.5957091775923719 0.332337807606264 0.227818831942789 0.029217002237136466
3 0.5941954707985697 0.313076062639821 0.23194278903456494 0.02791946308724832
3 0.5964004767580453 0.2954921700223714 0.2297497020262217 0.032058165548098434
3 0.59253873659118 0.27106263982102907 0.23525625744934445 0.027147651006711408
3 0.5924076281287246 0.2524496644295302 0.22286054827175208 0.029217002237136466
3 0.5941954707985697 0.23151006711409397 0.22533969010727056 0.029217002237136466
3 0.5940524433849822 0.21212527964205816 0.23112038140643623 0.03231543624161074
3 0.597497020262217 0.19233780760626398 0.23084624553039335 0.035156599552572707
3 0.5983313468414779 0.15045861297539148 0.21156138259833135 0.026364653243847874
3 0.6003933253873659 0.12965324384787472 0.21458879618593563 0.027662192393736018
3 0.5984624553039333 0.10845637583892617 0.21458879618593563 0.028691275167785232
3 0.5976400476758046 0.08880313199105146 0.213492252681764 0.03024608501118568
3 0.5983313468414779 0.06825503355704698 0.21762812872467224 0.029988814317673376
3 0.5999761620977354 0.046152125279642055 0.21872467222884384 0.03076062639821029
3 0.5970917759237186 0.025727069351230425 0.22561382598331345 0.03024608501118568
3 0.36196662693682957 0.2304697986577181 0.21817640047675807 0.03024608501118568
3 0.3524672228843862 0.18963087248322147 0.20467222884386174 0.03438478747203579
3 0.3523241954707986 0.1657158836689038 0.20384982121573303 0.03980984340044743
3 0.8330393325387365 0.8435682326621924 0.2141120381406436 0.030671140939597316
3 0.8306436233611442 0.8262639821029082 0.21830750893921336 0.02476510067114094
3 0.8341001191895112 0.8096532438478747 0.21860548271752087 0.02589485458612975
3 0.8288438617401669 0.7557606263982103 0.21110846245530393 0.030671140939597316
3 0.8295947556615018 0.7383109619686801 0.21740166865315852 0.02842281879194631
3 0.8285458879618594 0.7200223713646533 0.21530393325387365 0.030111856823266222
3 0.8305005959475565 0.699765100671141 0.2204052443384982 0.03180089485458613
3 0.8323003575685339 0.6780872483221477 0.229404052443385 0.03404921700223714
3 0.8300476758045292 0.6579642058165548 0.23150178784266984 0.0354586129753915
3 0.8291418355184743 0.6351677852348994 0.22131108462455304 0.03152125279642058
3 0.8300476758045292 0.6165995525727069 0.2207032181168057 0.029272930648769575
3 0.8319904648390941 0.5945078299776286 0.2234088200238379 0.0261744966442953
3 0.8289988081048867 0.5746644295302014 0.21620977353992848 0.029272930648769575
3 0.8292967818831942 0.5572147651006711 0.21441001191895112 0.03376957494407159
3 0.8269010727056019 0.5345637583892617 0.2204052443384982 0.029552572706935124
3 0.8277949940405244 0.5138814317673378 0.21800953516090585 0.029272930648769575
3 0.8690345649582837 0.4948881431767338 0.13734207389749703 0.026733780760626397
3 0.9015613825983313 0.468993288590604 0.08007151370679381 0.02448545861297539
3 0.8269010727056019 0.3489709172259508 0.22220500595947557 0.036017897091722595
3 0.8259952324195471 0.3267337807606264 0.22460071513706795 0.03263982102908277
3 0.8269010727056019 0.3074608501118568 0.23 0.03517897091722595
3 0.8292967818831942 0.2859284116331096 0.22520858164481525 0.0354586129753915
3 0.8243504171632896 0.2676286353467561 0.21771156138259834 0.029832214765100673
3 0.826746126340882 0.24596196868008946 0.2266984505363528 0.03321029082774049
3 0.8223957091775924 0.225 0.22820023837902265 0.03573825503355705
3 0.8230035756853397 0.2040268456375839 0.2270083432657926 0.0354586129753915
3 0.8183551847437426 0.06360178970917225 0.217103694874851 0.029272930648769575
3 0.8215017878426698 0.04305369127516779 0.21980929678188318 0.03321029082774049
3 0.8189511323003575 0.02237136465324385 0.216507747318236 0.032930648769574945