1 0.05684167455195398 0.000376436595030048 0.08307302714103967 0.9539972027590692 0 0.9555020377644201 0.006293025907375635 0
1 0.10766042102287424 0.015433842956784214 0.1809299207364485 0.016470700387354948 0.20200681309819338 0.9389486230824582 0.12372134416579554 0.9479777479261144
1 0.23188402350734627 0.06060606204204678 0.30588569234836127 0.05860671200071081 0.32395153445281527 0.9494826977430167 0.24265501526312638 0.9434632429100619
1 0.3542254501965991 0.05307735886116966 0.4187974926507561 0.05559701328712127 0.43385239935774184 0.9464729129207635 0.3495449447705851 0.9374437880771072
1 0.4709203495001941 0.056841710451608254 0.5437531494028459 0.05710184829247208 0.5527861853148958 0.9479777479261144 0.486544572832193 0.9419584079047111
1 0.6534914016364636 0.01355166716156492 0.7304340155414367 0.00593668313257204 0.7289286627025254 0.2105974298808358 0.6551594820065068 0.20758764505858274
1 0.7645397735544006 0.009787315571126394 0.8358183624903386 0.01045127425728809 0.8553897871533492 0.20006335522027716 0.7484998576458904 0.20909250876682142
1 0.8793524970627764 0.009787315571126394 0.9743234582506801 0.0029269844189825783 0.9728181054117692 0.21360709989153745 0.8915214713622573 0.20006335522027716
1 0.6741953353838755 0.2883493332635788 0.7364561160560185 0.28734513456635413 0.7500054402044477 0.9509875327483673 0.6581705322637976 0.9404534580878088
1 0.7739506525304972 0.28646715746835955 0.8659281759043104 0.2858402995610033 0.8629172405068423 0.9419584079047112 0.7861371244133556 0.9479777479261144
1 0.9019386066054077 0.29023150905879813 0.9667960048971874 0.2843354071498767 0.9818509116041734 0.9314243332441525 0.9035654426717754 0.9374437880771073