1 0.007905103876252824 0.5706757025464698 0.07102917069134469 0.5777827108437924 0.012315011562134798 1
1 0.09812793384802558 0.5747729834273151 0.18092992073644856 0.5792876032549191 0.13576520061549072 0.9208903733951455 0.040919357277372594 0.9193855383897945 0.10113898410531658 0.573268263233516
1 0.20176921078383794 0.5706757025464698 0.28480879998661646 0.5822972732656208 0.24114954756439255 0.9239000434058471 0.15232557502121064 0.9103562987345867
1 0.39563331769142307 0.0944852263559937 0.48353352257490195 0.09321846247864898 0.37814917562600014 0.9319707289490459 0.2893253179426414 0.9229416041053894
1 0.5271927749971256 0.05313363852120536 0.3992260679877452 0.9394950187873512 0.49256655848695186 0.9425046887980529 0.5964453228772968 0.059153093354160094
1 0.6365518194794901 0.02458347594717813 0.7198956267904754 0.03056076900628873 0.5964453228772968 0.9319707289490459 0.5211707893423668 0.9184269842777856 0.6385991076007869 0.01852190239471118
1 0.7419536640117693 0.0038795421997661434 0.8282909091368453 0.012502476264644239 0.718390044231919 0.8055626367032025 0.641610042998255 0.7920188920319421
1 0.8586485633153642 0.007643893790204669 0.7575328935579404 0.7197858358769157 0.8463567512412994 0.7303197383201473 0.9336752560857472 0.0019684590098614893
1 0.9565217046667666 0 0.8779721472138281 0.7047372562003046 0.9502357453512903 0.7243002834871923 0.9999169834282732 0.2954157627037771 0.996905818311159 0.006483064486021291
1 0.6175222152390416 0.9861455928225352 0.6370936399020526 0.8537180457437374 0.7153791088344505 0.8597375005766918 0.6867748779790354 0.9951747176661917
1 0.7231319060595768 0.9788466041233497 0.7545219581604725 0.7859994946047634 0.8313018445343132 0.7950287342599712 0.7966757428839623 0.9876504278278861
1 0.8341802779775138 0.9844931315090075 0.8674337584628673 0.7649315749067492 0.9321699032468359 0.7739605849388538 0.9005545072743075 0.9891552628332368